alpha0,alpha1,omegav,xT
-0.0684609867400326,0.993180820302114,238.265518985362,-10.2762492020389
-0.0977403842716829,0.99024477428293,108.608534252635,-10.3445236514133
-0.110401811773841,0.989066733150073,195.358739021673,-9.88269871097702
-0.0540651012312322,0.99474033488408,333.136164599377,-11.2259555672742
-0.143365233146462,0.985626294942442,120.904521916737,-10.669618871412
-0.143074286646071,0.985772983966421,95.1253135554134,-10.6774930762702
-0.149243917090385,0.985179368267846,160.729714079097,-10.5456707485872
-0.059660400061736,0.99409289458832,239.099671729814,-10.3319208148713
-0.0927669343093837,0.990490811813653,143.71021407493,-10.5805601625247
-0.0687011690628958,0.993158775735978,172.039811277787,-10.4402450252386
-0.0326972768521171,0.996947149548862,280.090715208008,-10.8530576513495
-0.0421787396804599,0.995970926834278,260.643801409719,-10.8665427119604
-0.0524050202051331,0.994661504765417,238.472249933287,-10.7626665261092
-0.112039485726885,0.989118656724953,97.7574011538683,-10.4297810851276
-0.144812827835943,0.985664935707174,132.103462132763,-10.3652764371362
-0.0428415554631355,0.995648406650647,303.69429842693,-10.317210176273
-0.123207417074278,0.987672993206204,137.985311246163,-10.8650923661774
-0.0822003255239252,0.991812438119515,131.857593827574,-10.7599276024288
-0.0496606171313385,0.99515954118938,292.737522706401,-10.6282554566305
-0.104642166578672,0.989655119514481,139.486605514687,-9.73988241472908
-0.068883960051146,0.99336062529098,223.071771195477,-10.4221111913599
-0.0454489381532965,0.995375763379291,251.439765978021,-10.3783091688973
-0.0569944205908504,0.994331977651605,178.648249778497,-10.3422989399758
-0.074947593190627,0.992769148677943,186.675242604113,-10.4726938597493
-0.161662643386883,0.983795230666463,107.854019779604,-10.0359412445171
-0.0258034852222655,0.997355490902,424.732287765501,-10.4928525383354
-0.0735986750851909,0.992601849941415,244.402685794501,-10.1930853738027
-0.0883114713206979,0.99123241943047,181.284338016566,-9.88203457068074
-0.0936335690144719,0.990809199073602,177.751676957966,-10.5976316428545
-0.106309927735519,0.989547343676388,183.704037995068,-10.0009512555174
-0.0495978919299892,0.995065220846476,230.045360126224,-10.1756102306942
-0.133054236384086,0.986893899216816,179.813905482082,-9.64626635429163
-0.169435006162682,0.983389555439061,118.586718389512,-10.6610122813658
-0.0749152959986005,0.992604077191188,196.747209486804,-10.5186312662169
-0.110889935179875,0.989057156840116,145.224256425758,-10.5153475702399
-0.104064446344597,0.989613632461527,149.421832167453,-10.2334511925871
-0.0862664966665825,0.991414158737405,278.980262302243,-10.5990088927244
-0.118515602524765,0.988529181448971,148.676061553018,-9.97923532463413
-0.103609178625432,0.989516444908016,142.05094009393,-10.0528520304345
-0.0619399919780272,0.993857275869029,204.921883391031,-9.80479284949801
-0.103464476844416,0.989679978942623,149.629064147509,-10.4813611486493
-0.128034448653894,0.987308807022169,133.086574227375,-10.8683756642657
-0.0722680123006845,0.992894703450807,218.210413285875,-10.461692454924
-0.254174566239706,0.975155451382665,67.0310409761677,-10.0286215991365
-0.119885435719149,0.988072691372962,133.62483127918,-10.1409883493772
-0.200243534669241,0.980120350033165,92.5149091737612,-10.3950761520608
-0.13972640382788,0.98611335833761,157.960366347665,-10.2803866940025
-0.191824447698871,0.981155801915175,162.863454639479,-10.920248568044
-0.0967849816625618,0.990434074602447,178.620676367396,-10.4164070058393
-0.0918139659065343,0.990940421362574,277.293132377602,-10.419487009772
-0.08699770981023,0.991459890397744,204.82256010312,-10.5187557226079
-0.0512116028506161,0.994942493013946,259.130154195616,-10.6158426755955
-0.100886887125008,0.990225924492922,169.366640660384,-10.5559919586309
-0.0972638966107677,0.990489951474175,236.930816447578,-10.4321058483233
-0.101801959146144,0.989900142354377,127.908361082015,-10.4863733304429
-0.0937471086037751,0.990752527116676,194.334070954233,-10.3730531914435
-0.166062617925731,0.983635716307405,127.639069401055,-10.579698813318
-0.0685663042516342,0.993097162941461,138.298708649516,-10.2512935533953
-0.093838689053629,0.990668163961405,197.104626990542,-10.3600906249532
-0.0337702748249741,0.996603538047305,417.291477189453,-10.2795861642598
-0.126886900736071,0.987483202597523,127.833950108126,-10.5049539107226
-0.0379919521349606,0.99615172710172,524.915125675261,-10.6229803235512
-0.130677682626715,0.986930738382109,124.020779159548,-10.0934244212051
-0.143861521920954,0.985987328286815,122.081129179397,-10.4548230040546
-0.0753588780490102,0.992531307421746,174.899208519564,-10.723897422292
-0.0454585351250006,0.995543487550406,219.385622015177,-10.4985553439156
-0.0502078232097623,0.995183182457016,209.68159092652,-10.8047523669931
-0.048783893266068,0.995210629987627,180.247463942471,-11.0879679234215
-0.0924629835644534,0.990561623750466,177.574129404895,-10.5543328485608
-0.0979083710504604,0.990348309297401,165.403152087366,-10.3710369075211
-0.0811018995701311,0.99202151340838,217.220014850975,-10.6119107015181
-0.075791249805607,0.992436652429247,220.685560547914,-10.4820627678752
-0.0853894109526396,0.991665800298086,140.358854532481,-10.3021595517278
-0.0999238948379747,0.990246983301931,204.07545030427,-10.7640225268061
-0.0708111161897637,0.993050929316619,168.933158015698,-10.2283447683035
-0.0869006361133224,0.99146624175469,146.609017551286,-10.807996035093
-0.0319899783489967,0.996743021375505,489.630848824932,-10.1513056176568
-0.154478652727571,0.984984948158505,121.849058795539,-10.7678677399183
-0.0755036379369812,0.99251265237431,174.16642422576,-10.1938687160245
-0.0870908844213546,0.991334645877948,212.556650584545,-10.6239371289169
-0.0739157637958093,0.992736648337196,190.519046910023,-10.644768346874
-0.132243005575816,0.98717941302554,161.334420858093,-10.7709225726184
-0.114010216485865,0.988947041266855,201.28097725106,-10.4750761334889
-0.110752798843814,0.989095657918038,150.835875798335,-10.122857189086
-0.170647109113,0.983128764217541,91.4458930057034,-10.4367299797067
-0.116402014098304,0.988484069218759,142.56612174572,-10.3234723741831
-0.0509515395092839,0.99493580178797,179.377122533277,-10.3836470939747
-0.154783378488624,0.984788470679148,148.726074670105,-10.699832142988
-0.149819312909422,0.985231795441615,217.195120593866,-10.3243237661577
-0.115274455691998,0.988660181858226,95.7969945053712,-10.3162097460711
-0.113308339451707,0.98879900598665,191.44035641966,-10.7499052227389
-0.148827367224541,0.985258523359087,101.471173930957,-10.3646897186736
-0.0467203641588454,0.995452747460405,291.256009986007,-10.3353591519358
-0.0992602167948183,0.989952041918438,137.575878773356,-11.1525980754492
-0.187964319908898,0.98161465849733,135.546720096267,-10.3457842218366
-0.142249065683774,0.986034651434882,183.036232208398,-10.7117102349959
-0.039954753434465,0.996027826789798,316.438853905065,-9.84624540241275
-0.089578641412918,0.991191688856659,275.96713146767,-10.5978598920229
-0.0597463987391373,0.994051696684404,273.990978742819,-9.9084235204775
-0.084027075823061,0.99175239046758,237.902368531778,-10.3456282783618
-0.0616253398420022,0.993921028101701,207.007795510843,-10.5178121904155
-0.0454768017340367,0.995496266994701,190.925223209004,-9.95379480061007
-0.106656803015102,0.989427898558186,214.732293449598,-10.7193664864915
-0.0612699064017995,0.994020291703328,206.873163864862,-10.5670649923651
-0.0820816923921642,0.992140131756227,144.389505697671,-10.3012932440815
-0.0272080839336389,0.997490582685464,383.659708909762,-10.2217245378923
-0.0458506649934957,0.995467525678993,224.138275355284,-10.3098456148345
-0.0877633482738043,0.991403522054593,242.43285147573,-10.6012365252232
-0.0535075289958343,0.994941069686922,254.82903775847,-10.3415849089056
-0.0805016418703416,0.992002389196743,363.051576155271,-10.3687987891896
-0.0865586891723634,0.99148395371632,176.376853608437,-10.8187143839979
-0.103146536238983,0.989567613051721,127.418962823293,-10.2689915242112
-0.0476521906908515,0.995315288858763,272.214025834964,-10.3750809455191
-0.086299132108052,0.991518380847098,276.690475809025,-10.2100633294199
-0.101244159625608,0.989989345997977,147.071404628297,-10.2166266296447
-0.0365037303513322,0.996365567715889,349.440244127177,-10.7008469803061
-0.172149135692528,0.982950052051031,119.567764684521,-10.1095044466036
-0.111744434693882,0.988817957910105,134.677970422199,-10.3971033493829
-0.149243253112534,0.985034205847205,139.022409753982,-10.3709756606673
-0.0972206250133661,0.99028850295003,193.853354465952,-10.4548780324431
-0.0963111601680952,0.990382722661368,197.758503261788,-10.3360626875395
-0.020321917897314,0.997953276616313,445.938755865685,-10.0764657619103
-0.164817496883168,0.983709783793333,128.388891900438,-10.3695508608804
-0.131377968318963,0.986966866396032,118.084180404298,-10.6038292925473
-0.163658222622921,0.984077822388993,157.366061758671,-10.1934742894729
-0.119549765585572,0.988345068742517,113.119518036046,-10.0431683313597
-0.0527258749372836,0.99451641431635,158.827507463913,-10.0229277699397
-0.0819721266162665,0.991848564060544,115.151862731373,-10.8581462629695
-0.0588908571838925,0.994147735493954,200.540051575492,-10.6881296000673
-0.143633261614196,0.985669456188302,216.831579303127,-10.5083209643696
-0.0545029935912783,0.994548693472139,297.491151337956,-10.0051736884869
-0.0769783841124847,0.99225739260033,199.717194203723,-10.9173126848357
-0.225914581522941,0.97760514927642,84.2661912594703,-10.2078724172289
-0.0403240160992106,0.995925254870067,487.133513287437,-9.92274479038364
-0.0858860548680593,0.991192396667118,150.993902362224,-10.5575551806695
-0.0627274789439313,0.993603842028265,189.507339874722,-10.2815092524042
-0.118347891918346,0.988560022376043,117.573936314138,-10.6436393596831
-0.10970480229283,0.989265503408871,240.741685045566,-10.6706022039783
-0.136228115101093,0.986468990469065,226.246543244053,-10.6887742174513
-0.0985766693405694,0.99023383469171,167.121591713017,-10.3177510455804
-0.1356160720874,0.986548223190828,131.277689801607,-10.3071449785848
-0.109613544496501,0.989092510974516,201.407468161373,-10.5076567515771
-0.1144773163485,0.988793536784952,125.086983811886,-10.6798054218854
-0.119513478250437,0.988237617710674,113.828968171285,-10.0760271663529
-0.163319296712818,0.984222726982854,115.744588574571,-10.0866031165643
-0.113691906275827,0.988844443928466,219.06790448584,-9.98273223333972
-0.0923255364849018,0.990865693650788,230.886799053541,-10.1149425017379
-0.0820598534407641,0.991777849568351,176.968757312146,-10.7421696692744
-0.112276687058495,0.98888782800725,225.610493019645,-10.094234095897
-0.100013856790907,0.990149899015147,157.21240991321,-9.88403190953851
-0.0385646734829502,0.99619395709011,254.252913275492,-10.2306674778609
-0.0954109847336591,0.99049749223833,211.210782701387,-10.5786084191988
-0.0819116765640637,0.991838718949341,204.509934349263,-10.2579941673982
-0.0222387025767279,0.99778054867194,327.870079758708,-10.5211137203016
-0.0165232737267891,0.998228228369315,330.751942971646,-10.9707421988849
-0.10336808406442,0.989881026204487,221.454930146553,-10.4605160991338
-0.0845982033382788,0.991701293126257,203.30429630898,-10.9243903306488
-0.0766358421540863,0.992520251617568,187.762502066595,-10.5709641647319
-0.0676567479582216,0.993243479170292,165.2638183203,-10.1015466414834
-0.120385446235953,0.988191102001833,119.397863598649,-10.3916552110436
-0.0551336497206045,0.994325959373987,211.970538527276,-10.0137527457879
-0.0367384415552101,0.996429608487801,385.220842424161,-10.7842751121907
-0.0318217690205039,0.996764967423972,465.334405700352,-10.566631906966
-0.0755264812130436,0.992664358993483,187.413941961159,-10.3065545514877
-0.0807385475409809,0.991753255445027,202.043367789476,-10.5196003944031
-0.0896307614205509,0.991416220279853,181.791176209603,-10.1613372142121
-0.111843097057453,0.988918164558655,88.6173540001263,-10.0938375213097
-0.07016627077764,0.993044444102501,220.163397603086,-10.7591973116791
-0.119455888766879,0.988323202794414,128.035193213516,-10.3693149268726
-0.0438245879577443,0.995518681184261,185.134175731466,-10.7726223320953
-0.0951875083232769,0.990583478281067,124.391171318119,-10.5316624342983
-0.0568840469208773,0.994492254515783,272.392045682888,-10.6999557324355
-0.0956747741094664,0.990917631318832,131.152320045919,-10.7371036558797
-0.126156971136759,0.987310552263589,140.845628826705,-10.8562529083387
-0.138428421497973,0.986133235934706,118.721752147866,-10.1535035062943
-0.133491119718261,0.986734271381995,157.954734235595,-10.7616616938455
-0.096748121557174,0.990540596678442,99.919105674587,-9.90413160675135
-0.138761778702523,0.986449142191359,200.151080790365,-10.1784568450336
-0.132737519696064,0.986837023700586,169.386960888478,-10.3404506652901
-0.0240459100062648,0.997584726187571,203.562118125406,-10.5663933244864
-0.0416845218649657,0.995717378191409,205.21948127307,-10.0983073678
-0.0931241139892538,0.990697249582389,166.818411392575,-9.87358354486876
-0.133623882636308,0.986712263663714,109.189033869906,-10.4214120131021
-0.0823123862307341,0.991676246047323,182.818554781957,-10.4761388961936
-0.0670338047669307,0.99330511368045,207.807548362714,-10.4677647339413
-0.180523552485236,0.981994176700279,92.1536180737743,-10.154911699419
-0.0668005344455144,0.993388185651053,191.219214536715,-10.3910545615393
-0.105510540954996,0.989546505911907,184.296531341604,-10.7183259291588
-0.050582737787758,0.995061755946392,234.00210796934,-10.9561423249106
-0.037953950116308,0.996331524342137,205.570866213823,-10.3100883780098
-0.0615495367293148,0.994032348298654,285.740838984684,-10.8459616851853
-0.170104318195032,0.983063196456949,122.094328616252,-9.67791787456615
-0.0582246399107972,0.994335616275581,206.583416040388,-10.2652975253091
-0.170301561523518,0.983273060437839,102.723095917999,-10.853369103645
-0.148711702196441,0.985519739209308,90.6998630681436,-10.4392820827588
-0.0766717026837004,0.992661702141952,250.449493399815,-10.2236418787551
-0.0632730768385315,0.993876460314505,222.97610695016,-10.3372632462153
-0.0820145906627585,0.992078753142205,161.154170259393,-10.2600012384691
-0.0754556413555584,0.992594490822233,287.543775665833,-10.3397747946014
-0.0532458120477032,0.994669520671733,256.601499065043,-9.92344026993112
-0.0840491179721574,0.991614968483496,201.502953334329,-10.6107608065254
-0.127205035322691,0.987250876765046,118.793117562626,-10.7306895353087
-0.190827005835144,0.981250671546525,88.3918508504524,-9.99321866624223
-0.0973131575883894,0.990224309706729,101.768339085287,-10.318187822755
-0.0451033226543414,0.995648567494193,161.001944884432,-10.2316021549001
-0.121754823736584,0.98787578012886,278.212766603099,-10.3333766659838
-0.119881332395332,0.988361740602824,154.644572056296,-10.8741133386435
-0.121904283540702,0.988020690969078,148.657044839881,-10.6123260705452
-0.1176791325014,0.988392389415781,105.175496176334,-10.2912719731972
-0.135729569055334,0.986672944263989,156.264902845487,-10.4053036119111
-0.0759491989774725,0.992375341179835,292.755230279054,-10.1385233579881
-0.00777863241052479,0.999126098870568,469.052282934816,-10.9455762657273
-0.0561701406582037,0.994300463484229,210.267478622746,-10.4043875698761
-0.105291569413255,0.989792946812334,224.031409348436,-10.7026215144994
-0.0666916262687304,0.993311482908185,291.424201364784,-10.4848371011319
-0.0764139813270564,0.992414917314524,209.936140983525,-10.0986625920799
-0.160012613058058,0.984278626532192,120.029264273464,-10.5395710715575
-0.0496186878423087,0.995006084831813,192.293076879979,-10.1528465913498
-0.181394278418052,0.982189292404543,66.9439361038283,-10.31376774782
-0.0353410651600344,0.996475541759667,135.314415613086,-10.4294935230896
-0.0341058101663437,0.996721065286679,508.008999833798,-10.3109344269594
-0.095626637865405,0.990422178862106,135.187208049013,-10.4488447018992
-0.0927721416024368,0.990587202021392,169.422890908006,-10.6565302346769
-0.108308243909205,0.989319460098846,137.532938821129,-10.241544079486
-0.0333206719454283,0.996472422724999,374.382508818405,-10.53033000025
-0.0512480832426742,0.994906638091093,172.884604693679,-10.7058630428059
-0.0607170337610613,0.993911229549812,212.078848871288,-10.4559439875023
-0.0965067535310367,0.99069074418679,211.775250555411,-10.9104729575756
-0.0604945071903931,0.994041461288395,148.473601629848,-10.5836766626732
-0.0826299909896387,0.991907052161448,197.820219533988,-10.4461985690831
-0.133491476056151,0.986765474472741,108.055656930348,-10.7501549463867
-0.137861346045391,0.986393699113137,192.599418092246,-10.2214317770244
-0.0642508047449008,0.99358299484816,289.334777484945,-10.086418904393
-0.0432072887547441,0.995704598376978,497.147740729205,-10.3143768263702
-0.176568585742292,0.982657900348755,102.304733230716,-10.1003564492747
-0.0576257178902739,0.994374896083664,215.046422168519,-10.7469631721115
-0.0785932120942532,0.992175572182861,210.718928007136,-10.031488960344
-0.194550091504795,0.980392438767611,107.285836668837,-10.0580429657889
-0.0307403659441488,0.996986564225077,375.204997367722,-10.2146679399154
-0.0399997124020127,0.996055903902103,282.530702966023,-10.4924564509204
-0.0641593928942888,0.993619460524014,221.297806113967,-10.3813889470937
-0.110572223991547,0.989068527966728,266.36597649273,-10.6156709039402
-0.142040353765714,0.986144255885412,92.7499085278141,-10.247563046648
-0.11185633952472,0.988831889192026,89.0455074402482,-11.1001820344793
-0.0874732857609951,0.991132580037697,226.09693138519,-10.2924628995219
-0.0469275806060263,0.995429900134565,333.504461842723,-10.4342240156662
-0.108730041912073,0.989283433006996,117.471172397653,-10.6079826544564
-0.116728148741426,0.988450288995199,145.89615916894,-10.4663983730495
-0.0688447976236062,0.993113298497819,230.747497213901,-10.5877969004361
-0.0417335509816145,0.995725671723707,220.942823928434,-10.250798108532
-0.162958798193854,0.983837131397728,106.410447870545,-10.810323683759
-0.1116479215246,0.988930378435589,187.446387738412,-10.3103002237486
-0.0960980466716573,0.990753021300864,118.930575233629,-10.5128624863174
-0.0792811900718823,0.992240019569661,209.201728377739,-10.619076981961
-0.134679064029175,0.986624066946869,117.742328370933,-10.3113331443626
-0.0989568652228075,0.990229781505474,140.469856454269,-10.3228091346733
-0.2148600048011,0.978622539058707,81.0744746717397,-10.5668489462474
-0.0519855307220295,0.994931710791831,222.81596832875,-10.4048091800672
-0.113359089311354,0.988848324995673,158.568308964531,-10.4273407015276
-0.063056515777538,0.993820546280909,257.771930757997,-10.6708606776439
-0.0698681141019771,0.993086409055815,110.17616759146,-10.9916936107027
-0.0583747867921341,0.994084574304747,256.207921458746,-10.0542833640982
-0.127701840542053,0.987126212776373,131.691358821017,-10.6600031664927
-0.149070452091981,0.98520463342956,144.753200129689,-10.7778167735908
-0.082669995489726,0.991606530782964,115.133063324941,-10.1292156986026
-0.130157486579972,0.98730364590163,100.871989856947,-10.4410615141953
-0.0353647074993471,0.996513821444804,211.536925010333,-10.015449536538
-0.0255916156949435,0.997387646370064,148.768014919425,-10.482060898485
-0.0739243437641633,0.992692464557786,179.865386923596,-10.1795206707895
-0.139662553298699,0.98625469173739,197.725939771213,-10.4968032727986
-0.16199688275639,0.98414833527835,102.592448428185,-11.1235626923019
-0.0470386484692603,0.995387994419805,251.166087657745,-10.6952439024525
-0.0832385574198864,0.991786362985617,196.590341060299,-10.9877081163851
-0.134852565137411,0.986763708776038,111.297982326988,-10.8059220919551
-0.0776928416187261,0.992340531024442,278.917769246223,-10.3465900389474
-0.0846421327278663,0.991559062507089,215.926259848664,-10.1600976674062
-0.0597704749688119,0.994073718819409,206.641302487524,-10.3435488234512
-0.0622972849751499,0.994180535256666,155.248824457802,-10.5685781881905
-0.104892599929272,0.989864838015715,150.585670971343,-10.4050066898035
-0.0403323098077303,0.996004548208097,190.678668741466,-10.1348021153348
-0.0330153112009562,0.996791925920726,149.233997817013,-9.98377498192436
-0.0457437750965746,0.995482026182625,171.593672508254,-10.6962007733478
-0.0681842230448039,0.993348936653148,291.558693747907,-10.4593564854807
-0.0837671228569647,0.991679769084218,320.709541999974,-10.3228399228199
-0.0869811326564156,0.991324165844522,170.026846813043,-10.4015893532418
-0.0582766426881816,0.994410689570365,183.956431031303,-10.5228332685805
-0.0980347909432359,0.990253101877611,203.920453518156,-10.7363301538616
-0.0728485066481934,0.992939423683978,238.373169840653,-10.3803161392366
-0.141408817170518,0.985940863020993,150.604652706829,-10.4541482094479
-0.101857339719479,0.989683656236212,150.9494137102,-10.2413724723367
-0.0455732055199928,0.995575850049111,174.366986882691,-10.4798693862261
-0.119097409123874,0.988221538521517,200.626558675182,-10.0428630937112
-0.105238502674344,0.989644891482596,137.339906765485,-10.3242697357607
-0.118634140031784,0.988646422056553,124.758164054289,-10.7259996222236
-0.0552104774513248,0.994333553812288,250.209301251907,-10.5835125241008
-0.136656952252237,0.986494407139944,157.563283943812,-10.2088888038166
-0.10429781235414,0.989756060104057,123.150460431103,-10.3574717207126
-0.231980213926848,0.977211046800779,116.627773554189,-10.4239303951222
-0.0768021643345369,0.992453813018834,199.09404556232,-10.654216177339
-0.0979759320051451,0.990378759581938,158.007035478996,-10.8953367266662
-0.113339226065543,0.988747699332254,143.498854527016,-10.8718794556504
-0.113480372508769,0.98880429645911,171.303579907946,-10.1151779221177
-0.0920297819704949,0.990706106069844,198.466497179815,-9.98844159321485
-0.0598631036872603,0.994030203610134,260.792476472273,-10.6505669572068
-0.120685407379941,0.988290902192948,162.476696916219,-10.2635749462015
-0.172776352909192,0.982918537549084,143.357192459072,-10.4052613088378
-0.165569727458387,0.98341926000719,130.094124349208,-10.1703183108089
-0.0752642393841037,0.992254466984068,155.021244549032,-10.7940758298065
-0.0705828057362948,0.993088468895895,176.333983101179,-11.0140271548419
-0.0500267470321063,0.994806870153688,101.400946241533,-10.6886016623241
-0.0305125795943363,0.997025533546545,233.677933693594,-10.5661449473291
-0.125821529498658,0.987633134403679,170.323278484852,-9.83735685606749
-0.150293713112699,0.985157506703849,84.6250968885154,-10.7094894189038
-0.0850336949207913,0.991411011816329,167.387473125513,-10.5494308734989
-0.124680578492405,0.987483823186746,187.405571558798,-10.5342010635225
-0.0617007293168414,0.993922174022926,230.269366764897,-11.18388578518
-0.0708190725903085,0.992934168022926,188.787686953823,-10.5934260149014
-0.10415141141481,0.989837646835179,197.674996689412,-10.5251594760537
-0.0841265735714835,0.991410437538893,101.695282782699,-10.074844533478
-0.0570009664139472,0.994383586219739,325.297932386517,-10.7058537797036
-0.0764249756599252,0.992616815612677,181.44067746304,-10.7651939811888
-0.0400222060102402,0.996038002607101,293.91162867743,-11.1272548818217
-0.0517063770786109,0.994934547654514,159.611167217538,-10.1929576826278
-0.0604890139153874,0.994293478555714,195.07717900636,-11.0350637274177
-0.212065965785024,0.978895826736153,89.9808484844754,-10.614286916364
-0.0587070604344964,0.994148889709618,405.321600194281,-10.7329256859843
-0.0922248737459425,0.990744964315153,172.575608586073,-10.1752352576308
-0.0791012103628288,0.992250068182462,283.058745292591,-10.7222488003268
-0.0941415221052559,0.990698365840569,208.249842542245,-10.3545608639865
-0.11533823096008,0.988453793499804,177.277492979363,-10.0662836546579
-0.0634631943747341,0.993536719764264,228.678820457151,-10.5132695894838
-0.0737439757454566,0.992685826725476,268.059321112808,-9.94308058379253
-0.0602590166594679,0.994122115210147,198.032579913842,-10.3475055829062
-0.129040020828394,0.987435595958048,138.747699878802,-11.0128599288728
-0.0668900890594334,0.993546932144299,160.247827074517,-10.2908335907897
-0.134202009419346,0.986748650516003,125.323434842969,-10.7285843570453
-0.220952898279276,0.978046940261538,101.878045327117,-10.3321943612125
-0.102268440492216,0.989659999235797,121.672014318648,-10.1067033566661
-0.270542764290247,0.973402469153538,66.0148107115924,-10.6109690501529
-0.160283574236618,0.984326584096965,103.837193503037,-10.2363668163653
-0.0543984967333291,0.994459080956835,185.583194743582,-10.6178557969152
-0.149646963816187,0.98513099089574,94.1460286535101,-9.89189759430887
-0.0768041140226416,0.992407147606797,280.83691715732,-10.5537436804726
-0.101226980555957,0.989952115327238,164.461689035544,-10.3254927687671
-0.104097723041334,0.9899009591498,166.330251068728,-10.0012025970874
-0.104764325719752,0.989594737239527,139.60880993531,-10.4128442320993
-0.151249284665089,0.985172688491429,125.120865342229,-10.7448431164517
-0.0786737744656296,0.992282735613323,169.383999190664,-10.0481431202309
-0.037101532247967,0.996382393289358,132.541422755402,-10.3597637750568
-0.0200075378298471,0.99798115128919,236.967561374954,-10.557795127724
-0.022667962783723,0.997783444802481,213.865577269433,-10.1170267814831
-0.0104822277168797,0.999065132104166,310.689360320177,-10.296108424624
-0.0531200203453068,0.994724573465721,198.959882081083,-10.8204154482409
-0.183008584738735,0.981909851326489,114.85908501684,-11.1590680783778
-0.0505135712151174,0.995070193274851,248.410464942672,-10.6856136319945
-0.123451968047955,0.987575071834118,142.312878673484,-10.1282667068485
-0.0933335789835927,0.991003663834504,133.677309949608,-10.8724626974011
-0.14365965123292,0.98573441658648,90.4245647438392,-10.2859952772964
-0.191054770971573,0.981139918433385,115.280363556133,-10.2517477448425
-0.101912299745424,0.989856127005931,310.92319640715,-10.5784427574078
-0.0877565888352194,0.991402909483906,240.625896727146,-10.6962101109977
-0.072450317472723,0.992868753104952,293.178203748683,-10.4541560080685
-0.0847488897366282,0.991493480136897,134.631003397307,-10.4666636905223
-0.0745626740469471,0.99265680463229,195.862089625892,-11.0067989429719
-0.0930579670946999,0.990688296282763,184.302439417519,-10.5541229710851
-0.12474697284175,0.987931030301548,131.127838644088,-10.1844865679062
-0.0845041465857535,0.991553178665177,244.940010894682,-9.91364795300275
-0.119016616094693,0.988358679106003,122.918808945211,-10.9195924784789
-0.177136512533267,0.982476449749598,100.310190685146,-10.9239335598771
-0.0901749373150839,0.991109276777321,184.601470072277,-10.5459368415585
-0.0668551202699037,0.993600930257678,186.696378943388,-10.7119335908949
-0.0372338419706285,0.996239546036404,450.495072940146,-10.2541591279846
-0.0824539119541633,0.992089674211261,269.048642993102,-10.6825636887216
-0.125086054858355,0.987451174306846,308.813966850861,-10.5082350494916
-0.0529811105108303,0.994749171774782,198.001129425068,-10.2921754849883
-0.107343354351795,0.989320290313146,123.089674461638,-10.1096467374936
-0.0537496998205689,0.994694119784826,276.33923710975,-10.7834236802243
-0.111349074356436,0.988915233850746,198.508651005921,-10.4122479911586
-0.114231978969337,0.988907084905298,103.737033231981,-10.6604806267581
-0.106786897599389,0.989419819203789,183.612129950219,-10.582188953942
-0.128400981136389,0.987436882584935,135.342197529369,-10.6105424793207
-0.150050402928523,0.985101463373073,118.80041598006,-11.1896091310259
-0.065802416943992,0.993453409914638,279.257245163633,-9.99857555447799
-0.0497943230182307,0.99507402227075,233.756713233791,-9.95424741890175
-0.265073126323012,0.973822423874419,58.2898243997698,-10.7378491087003
-0.0419259086734511,0.995867832162132,220.056486145498,-10.9542684016114
-0.100340326275772,0.990301389431822,124.643960396864,-10.4586608844581
-0.0961521747077098,0.990516688351515,234.996898260546,-10.3895362321849
-0.0850388019521947,0.991539070970426,101.486677615057,-10.8831184493844
-0.147511384549554,0.985539730785437,138.216538490334,-10.1377040043237
-0.123422082875309,0.987667416579723,111.715416792399,-10.8822996308177
-0.0907039277574527,0.991151358644499,214.362871531661,-10.9560722892413
-0.0636522530083345,0.993574068073411,230.793177193352,-10.4930077765363
-0.100161764636349,0.989871780967073,202.409197292741,-10.2701768153185
-0.0609015964989602,0.993997253015956,230.822764016843,-10.8319125131961
-0.0894987439953635,0.991346389328854,145.234074632677,-10.6328035153093
-0.0546510505744399,0.994842894248072,104.661394631856,-11.1809941228179
-0.0325450736114599,0.996775617880337,388.900383242295,-10.0039743802799
-0.0310519269087994,0.996872590633666,319.2351573364,-9.98545823956148
-0.071290013405317,0.992838638262872,194.408664164251,-10.3913266759909
-0.06832223996451,0.993211872274484,191.335899537039,-10.4902297566573
-0.143033966598151,0.985785523678965,219.52553100492,-10.6124729263971
-0.142625070498656,0.985881788300369,80.4010360526095,-10.535540881456
-0.131575405603235,0.987353273042511,153.667402382138,-10.3465882428382
-0.0854990161780989,0.991588580553185,208.048949414229,-10.6785349427153
-0.151570433015716,0.985094275203232,114.601778823665,-10.3875505765608
-0.127202483187648,0.987418254541864,239.970824540822,-10.5833864578937
-0.0961134745386185,0.990438066272123,179.141281892825,-10.6058443902351
-0.125577794611375,0.987579512707011,132.072134313276,-10.8178369643395
-0.126951774638322,0.987371568915238,128.450202558067,-10.6659295017881
-0.0798602665032944,0.992163134160667,264.76201282665,-10.2369465604899
-0.0803280347516557,0.991997278992676,154.910505068136,-10.800605335572
-0.130265028569124,0.986931054590421,192.682059729173,-10.0728523060645
-0.0475954451293767,0.995234475965107,372.048790515237,-10.6494314860073
-0.0352335034572814,0.996687753033992,124.167899655142,-10.3090553713809
-0.0600468391734611,0.994159725423434,274.616219909592,-10.2314482466389
-0.145364069890229,0.985475879864997,152.401343071603,-10.1577512241313
-0.181773522821069,0.981986861967248,107.489810499856,-10.4211670678307
-0.0805617549954277,0.991997192022252,129.001009362424,-10.2021046590631
-0.0755972800783658,0.992451878448952,241.747988992809,-10.7938928658253
-0.0287693771616498,0.997269572585244,293.143208499958,-10.3943096197629
-0.0558604588694628,0.994398702226093,201.45132902238,-10.9222895309192
-0.12654150076841,0.987539396628454,228.604336095892,-10.2922957506078
-0.0527096980007307,0.994838984032177,172.059506826459,-10.7966217323805
-0.0751944091694003,0.992545882328059,156.036982604323,-10.4514444024792
-0.098703791659237,0.99026635213988,144.438336579869,-10.1280538849729
-0.0752868869231753,0.992679923900116,144.613314282169,-10.1597793016464
-0.0670607101366749,0.993282709277758,205.898739420179,-10.5082690619838
-0.238225260389695,0.976534422420979,91.4743618822192,-10.3295218441481
-0.208727981829669,0.979676767826491,112.84414773863,-10.1774223413888
-0.0776047054234675,0.992336841127111,176.882011810381,-10.3618736324122
-0.0931693040871433,0.990770544802061,239.235149927678,-10.4605831682898
-0.0492911128360992,0.995203931162249,266.66343870987,-10.5965382310113
-0.161748344773546,0.983894415536266,126.04743724232,-10.8431153525134
-0.143356204109516,0.985913969120375,136.194040642999,-10.6846209692484
-0.0714309249944925,0.993026944871658,359.46324091476,-10.7079495451404
-0.0973426287594,0.990277480548577,203.920417543824,-10.7736295012414
-0.122232566898341,0.988057276849522,143.621405412035,-10.4983871997223
-0.0890865537378068,0.991188132534532,178.03517364277,-9.95938599304858
-0.0924954818175321,0.990699565629021,235.399414511692,-10.3948120215095
-0.0582873073249317,0.994244618267056,342.730312796033,-10.6260025906342
-0.0454050577843123,0.995462253448201,342.656788966928,-10.3333331640659
-0.129671891950863,0.987114405910688,118.278404275356,-9.93720136582497
-0.076128519276497,0.992393799181357,185.021130608136,-10.128991304283
-0.120086896416476,0.988038043204763,219.656770013402,-10.0176071509974
-0.0379411629683547,0.996331984251225,453.671056216677,-10.6671939078493
-0.130550414634377,0.987110134717474,144.629292013254,-10.3592352447291
-0.0441432405813535,0.995559787918146,341.318081170689,-10.2788746821462
-0.101643795688683,0.989933654254104,151.18837539703,-10.0272769369595
-0.119672624068454,0.988226840103046,156.211919558968,-11.1278898759854
-0.089551233346093,0.991005315072453,144.940066843972,-9.80081948915511
-0.0514682201741089,0.994829006897967,198.865999701142,-10.5589835247016
-0.177450208124211,0.982538731548393,78.806016887402,-10.3957587341092
-0.0961382445486485,0.990804225078212,140.033792108325,-10.6652224141055
-0.130095347093904,0.987032602259538,189.836057844218,-10.6874528004874
-0.107481063700205,0.989233854250904,141.875626530659,-10.4864582671177
-0.112340291321884,0.988813686984826,180.459674162439,-10.322792782708
-0.226730106249469,0.977616306715606,93.4303274727827,-11.0377709325718
-0.109230113480335,0.988993766375761,148.856931232348,-10.1957247067723
-0.2106741682245,0.979212657219177,93.0117193130587,-10.6005006804751
-0.0792920783890805,0.992184161436563,237.963400389502,-10.0098713096907
-0.076550296435295,0.992416766634444,205.441020378911,-10.288903239514
-0.139708115331785,0.986246311564976,124.701197238448,-10.369682442709
-0.0968416060636876,0.990213594525964,159.2103761246,-10.457124641881
-0.0863812211322499,0.991404243065155,168.879706718809,-10.2991666667884
-0.11232082154623,0.989065719439852,142.586989662032,-10.5476550693758
-0.163968736545013,0.983652350983983,81.2236824693582,-9.99437062336169
-0.0797873946436456,0.992014571756766,136.648255906027,-10.4517635156283
-0.105872148779047,0.989776015937101,239.647951356206,-10.6990198638471
-0.122115187136556,0.987974089581617,182.400683541083,-10.5621009773125
-0.112279971752678,0.988486876613407,90.6035745848477,-10.1371485983791
-0.119006815125509,0.988168576205745,181.550831062421,-10.7951327291845
-0.079521551671559,0.991950018074866,169.312168225612,-11.0844138768092
-0.0618987974923074,0.99383816659436,315.183071450244,-10.3622067511142
-0.0789524765544394,0.992221105506005,175.808959664089,-10.5376654546619
-0.0904943937605107,0.99133725196988,189.915251009584,-10.7675291751555
-0.07074787011611,0.993231034652529,267.250689324948,-10.4179735916758
-0.128743785975538,0.987475055026706,121.918326227961,-9.83724470059913
-0.107901052372403,0.989408475069841,163.427927293826,-10.3192963462278
-0.122148160447332,0.988038040241955,173.475418410229,-10.5450082611308
-0.0719482006519207,0.99283683890512,282.845238770767,-10.119368912582
-0.133360518209522,0.986583274670385,101.384061317497,-10.1474557886862
-0.0476559800293129,0.995314335589729,298.212318390207,-10.4201827030168
-0.107917788465642,0.989703156292039,112.036088272362,-10.5388602000658
-0.0539825379802096,0.994524360948396,210.267624004134,-10.8270174250453
-0.0974260882428611,0.990473808317289,168.961367998099,-10.1501246924824
-0.101024930003742,0.989802876066636,159.110339169515,-10.9115373853141
-0.10728466603684,0.989340344942911,215.218252157584,-10.5351127487498
-0.209665086537261,0.979313527825532,102.707372587344,-10.3933858590864
-0.0648129036926547,0.993679504611677,140.262097903737,-10.8598054339173
-0.0269884517503287,0.997253092091806,235.038116381033,-10.2559751846421
-0.0977893592805042,0.990508601278518,141.371557727562,-10.2967964637703
-0.0775795790036223,0.992408956634515,231.869626636928,-10.3662478143338
-0.0836481339849848,0.991681201042803,223.235843652766,-10.8734238986516
-0.0582356694067857,0.994292622984285,153.399637003735,-10.7260343746952
-0.0761655830834379,0.992543942578604,249.568632918951,-10.6871090840843
-0.139218744111009,0.986193073077999,145.213802839981,-10.8815763785901
-0.210025847719006,0.978953831779219,68.3520616913325,-10.8787057330556
-0.117592698624464,0.988428854100381,174.237699332166,-10.4699787369964
-0.0714752632580533,0.992924135934394,266.400304418433,-10.3892506996722
-0.0596315608931949,0.994210659004606,326.550808997403,-10.2185757582295
-0.136371070352929,0.986723498500778,132.968768956726,-10.3392090867957
-0.0396630476156355,0.996122327923119,379.025996031291,-10.4279629215604
-0.0696122464189537,0.993176787855957,189.595648713954,-10.5703995647743
-0.142013208890368,0.985880270796815,134.343948605488,-10.5132334508369
-0.0619645646477063,0.993968104639505,204.667911716454,-10.3229152761793
-0.157817625437339,0.984245699818763,115.180873757949,-10.3134178043392
-0.115498693710561,0.988552691433553,154.275310566077,-10.4188696883317
-0.0438434588434669,0.995479245392204,200.809830764533,-10.0506929123733
-0.0237367622365642,0.997564695918203,372.393455648538,-10.2564322953588
-0.0533751526972199,0.994459922955463,197.847627379234,-10.6678384583649
-0.0560748148189134,0.994514594315128,173.115827507209,-10.5720642592351
-0.165772280838792,0.983633051511873,161.498673878243,-10.9704822716382
-0.0909392346367591,0.990895164379945,179.131127014224,-10.5319161168482
-0.0775564825745307,0.992367327113094,356.138810578523,-10.4610030910646
-0.0570957319743264,0.994368626960617,278.948228713825,-10.4255202906893
-0.161873129916284,0.984051798382463,122.913242130211,-10.9698065999549
-0.0727994410695728,0.992746552200111,252.061764720799,-10.6574526944322
-0.113101797265731,0.988510387800197,140.493926652529,-10.4912777603894
-0.154792520540651,0.984789964579067,118.498227065155,-10.6335730657763
-0.0808743390561489,0.992066231853046,255.213344333983,-10.6336546241806
-0.063524992878441,0.993853121083724,228.585116701997,-10.640388977532
-0.0477977901663336,0.995254051694261,407.524916702786,-10.6350793884557
-0.151167051436816,0.985083389676405,145.977396747463,-9.96967644943
-0.0598510774095891,0.994086073094184,249.476519076196,-10.3606947372139
-0.121114949111236,0.988140331062578,121.019522765784,-10.4848952557132
-0.079813286823833,0.99204111758359,219.887935866198,-10.4474141211977
-0.0957774208762334,0.99037208867557,186.542411448052,-10.761623118649
-0.0448682519815897,0.995655059620781,246.668757479323,-10.2420398617889
-0.0902884768501605,0.991154232132126,148.660997455893,-10.5855136127965
-0.0845513700036072,0.991466943592497,121.654235915177,-10.3626658518426
-0.0803772661663972,0.992034649080995,301.059989539117,-10.489944828024
-0.0350872804179774,0.996547383709438,388.453507269482,-10.5562588981716
-0.0826526954511727,0.991766364643778,267.556357943284,-10.7319867827559
-0.0966652394894564,0.990252560976177,202.319344157545,-10.4809970744352
-0.0981437483183693,0.990286278833543,180.984880535962,-10.3001813843233
-0.0873838161052097,0.991302470693053,138.870277827566,-10.951945592937
-0.103745921684077,0.989610282592965,125.485058771413,-10.5824040644866
-0.0609695003053342,0.993745081539722,330.450408475156,-10.4904386105179
-0.0942904483324711,0.990581802378306,117.626034900354,-10.4255460192364
-0.0949139182521407,0.990519234167687,343.62268516251,-10.3251242351802
-0.118981220270596,0.988091141709584,142.842419466232,-9.94492325665277
-0.0392040533341413,0.996159002240079,255.332594291522,-10.317529838492
-0.0755346381896122,0.992472869169023,164.811660128478,-10.8570087069951
-0.181312483713145,0.982269029374682,113.602378705197,-10.1749344265253
-0.0782850863770257,0.992169717897552,188.494119322601,-10.4970743603474
-0.0399766325642907,0.996047604254521,186.274050208546,-10.7947742175337
-0.149589706473538,0.985362239181957,132.180343122265,-11.0153882250511
-0.16334245774441,0.983743670090326,158.999575482459,-10.485341999107
-0.0560786123000678,0.994442168507669,299.994593148258,-10.2803070772343
-0.21269496032666,0.978634781609147,84.400266960389,-10.3722677276676
-0.119094151017416,0.988345394544218,176.524513677318,-10.738332824153
-0.197961215170342,0.980858834464716,91.3402347081866,-11.0551187835398
-0.0552904077446504,0.994607113013748,344.223308543782,-10.4329247001791
-0.130644412431743,0.987267918222325,140.028880629739,-10.691932872496
-0.112280307379252,0.988858217720478,180.409699059423,-10.0921318946052
-0.135356075834902,0.986530499845222,129.386344971798,-9.94892859328018
-0.113303165489077,0.98872492621755,114.151366330811,-10.2748380876246
-0.177390769488774,0.982465915534938,108.680224585435,-10.7459260677226
-0.0689575075898097,0.993119358972492,185.005647072625,-10.5346123838165
-0.0578563267809479,0.994407205607028,268.786363773804,-10.5673074005086
-0.0999686458097454,0.990171916118426,128.520137913834,-10.8086289078437
-0.110188815116921,0.989249561178423,144.371245403811,-10.5805749869742
-0.189924980432261,0.981115793071345,77.9164692392046,-10.5865454340501
-0.10259833287507,0.98971475087736,117.783613103457,-10.3007698392843
-0.0521624743155367,0.9948027676315,372.531244775875,-10.3934899790332
-0.0570119464526769,0.994552428213004,242.147116048385,-10.2949039522333
-0.111485873514867,0.988951602105422,167.18610187742,-10.4755582451908
-0.150228715689694,0.985048412214217,101.10287367301,-10.3993554975436
-0.181287883706876,0.982064653378471,98.2881916108445,-10.4673458261391
-0.131751153999924,0.986786315713517,135.413912702981,-11.1125035579518
-0.0449164141655025,0.995694522878863,233.882235599365,-10.5063340548513
-0.0767366593558002,0.992397720901413,159.871838155982,-10.0003493811197
-0.0578156377193065,0.994436355827448,234.587684737699,-10.0192970889837
-0.0501424948422819,0.99496202689333,424.580844930687,-9.8069686822502
-0.0753230527285602,0.992647325014749,392.529447705784,-10.6334641049964
-0.118584884320327,0.988543418194279,121.839843085614,-10.6518960725153
-0.13438650853768,0.986966737024742,134.373386231909,-10.3737096248216
-0.0227057146892344,0.997656909079186,431.695856992347,-10.2968932628066
-0.023499234012062,0.997623082794142,316.573250768442,-10.3509081702579
-0.0373199462198711,0.996597778357936,212.031111808448,-10.5540359909728
-0.0120915373441626,0.998846365205386,421.496656496613,-10.2456726388677
-0.0231385001883623,0.997662064866911,203.875465190954,-10.2823641589072
-0.0369829427999016,0.996349729418337,193.380085711151,-10.1839747015483
-0.0940901560348573,0.990659843206369,154.560240772733,-10.0360838666196
-0.122816350825603,0.988029068948786,156.973712961048,-10.2387702576338
-0.103053979945177,0.990036821891831,184.264034248975,-10.1625968394276
-0.0702589068064487,0.993194115695047,162.428573864266,-10.5915851705516
-0.123786376330049,0.987792189751655,151.917136427803,-10.4263923572656
-0.11927398069248,0.988093040145604,186.736675800899,-10.4822216271535
-0.0750832275374339,0.992665633806543,180.386847121259,-10.4401849359097
-0.0690238621779289,0.993285553036784,151.883973926597,-10.6902762025949
-0.0236924742194631,0.997653896638102,334.367431673742,-10.7342555361737
-0.106743496617353,0.989196253964897,125.856055367475,-10.5301790539888
-0.128238236277328,0.987425986292283,156.515963742386,-10.065679705487
-0.0868990161642864,0.991442313817018,167.665501966117,-10.293868305234
-0.0756720842191189,0.992477829637517,143.75120720363,-10.5219337940659
-0.119468920472665,0.988421079228941,153.961632535806,-10.2140193938233
-0.118720781388747,0.988132572481674,137.773324377567,-10.2389697599408
-0.146470628646084,0.985576631961764,105.234366351291,-10.8011721825854
-0.106610696113898,0.989237408948525,186.552545462565,-10.4856301781075
-0.12290579469108,0.987997151983288,158.604454235618,-10.4941780016517
-0.141474977799092,0.985904921909661,162.490016614909,-10.1678792699662
-0.0461845506838016,0.995450872478223,181.951184237921,-10.8399827958638
-0.0365324763056802,0.996354105645302,443.975784970459,-10.7762221513978
-0.136496736637922,0.986725561093305,113.657158704326,-10.1090558680302
-0.233113138621565,0.977315815395633,68.6086596379775,-10.6436562447409
-0.0873156909119735,0.991378152708895,221.736678446512,-10.702439865792
-0.046289150686006,0.995386541395692,188.453419887901,-10.0984080005258
-0.0514921781172946,0.994818656829393,147.50549631512,-9.87424762907987
-0.102075708186843,0.989698839083543,174.857395451565,-10.4714543560451
-0.0649391048219973,0.993372793994867,178.351731539424,-10.0494582817388
-0.042685645431313,0.995903967398015,231.881525660618,-10.5626491794958
-0.0553752864576537,0.99452424381241,238.719711464213,-10.2766368806955
-0.154628034292329,0.984867613837746,118.332304599002,-10.6265024937368
-0.174996206044701,0.982876756065079,154.729032909265,-10.5329628677843
-0.171847740607287,0.982942494607823,130.701062229768,-10.5328080493283
-0.12887290757456,0.987259300555964,180.548728261423,-10.5082892626129
-0.088766635501293,0.991096145012014,174.046467528274,-11.0212110014331
-0.146692270706441,0.985517571884836,160.57649060672,-10.8241760948468
-0.0880620084086229,0.991493252002001,201.039393223712,-10.580948456567
-0.0686491775710444,0.993260626439348,239.333836455455,-10.6389713022134
-0.101994304828281,0.989664444077597,174.319753262569,-10.0386024177477
-0.0730681288035661,0.992631455895334,199.736478695844,-10.7490372936713
-0.0690561758277247,0.993084472239052,203.889089416451,-10.2143772346279
-0.100605317977968,0.990126206701049,159.156207050207,-10.9082415551091
-0.154946876203005,0.984628452999501,120.416552796452,-10.4664288706897
-0.135116310548657,0.986520992049874,104.61420793994,-10.5762786373326
-0.0654817930221031,0.993416777524916,246.752834162751,-10.9421189451217
-0.0878976468026149,0.991306627506058,156.134398596483,-10.5706958352135
-0.0762579133590939,0.992286103958314,126.050971274966,-10.1595351341591
-0.0853771746789273,0.991540900691717,206.284607290481,-10.5881383561941
-0.1433900574714,0.985513086590122,130.056775724434,-10.4380981911493
-0.0968254393563544,0.990530500046186,173.971814281687,-10.6079039593937
-0.168889242400789,0.983392926043937,132.762276866945,-10.4387595097636
-0.102038318368713,0.989851950456959,193.638827075828,-10.5792275544931
-0.209402918469085,0.979281144534775,64.6557593472859,-10.9129232605699
-0.0913928002994238,0.991165785194138,191.07478048879,-10.3819224988956
-0.0889562951686065,0.991214589577237,272.989862343708,-9.9604592243056
-0.110882342435858,0.988916093450783,170.781007283387,-10.4717264626445
-0.126062759042734,0.987593194757218,155.439543045325,-10.7770420102568
-0.0881304684132441,0.991389331296227,163.460020620453,-9.94605258939579
-0.0789563664136972,0.992395206173564,171.56122987361,-10.4477819083723
-0.0542675878208501,0.994668711856158,272.387228062728,-10.279643419763
-0.0656938469709167,0.993630458271639,226.41035534283,-11.0216541030872
-0.0296090840661937,0.997083166084314,372.915804650353,-10.8979365492674
-0.0667237341619577,0.993487643275683,269.329703543469,-10.5104574137821
-0.0484772737558389,0.995375385137734,321.440795876131,-10.851376896875
-0.0619869754472499,0.993947662584669,192.434720444788,-9.76876197444675
-0.0661823806181894,0.993497205592879,169.098207948463,-10.5067271503299
-0.0568974181741583,0.9943840938672,328.170270972126,-11.0031590399538
-0.10859792172804,0.989053588316654,150.308325018726,-10.6619973439371
-0.0571925311879149,0.994501173499189,247.565022549619,-10.4885018156541
-0.0542273978541491,0.9944895798852,205.698831857663,-10.4220666026175
-0.0682454389348062,0.993293829847776,196.357779433137,-10.336222744282
-0.155512217389289,0.984674358027536,181.632462834931,-10.628553442186
-0.0319304981042829,0.996809637429309,323.3306892372,-10.2868987187911
-0.233461629572493,0.976956851528218,79.1356623514824,-10.1893507452607
-0.0743178404314078,0.992761930347017,152.258890885841,-10.4310131519356
-0.0812558988922298,0.991854424149402,211.814508565723,-10.8407529335221
-0.0802036452502767,0.992111116511984,186.561608932182,-10.149269064463
-0.152736905706655,0.984787461948382,118.528859992953,-10.7045167230909
-0.0985534321180244,0.990436680521005,178.78928149061,-10.3467783212373
-0.0364239399475327,0.996423612467943,492.924044455322,-10.9465143149935
-0.0785099537695247,0.992117701961706,171.647934158962,-10.3212061145611
-0.11606071626994,0.988388247531349,228.2451796255,-10.4254799718514
-0.138682071853448,0.986159495507428,109.148254853256,-10.0023780686994
-0.0664686785151675,0.993602617935261,190.050140972249,-10.2211477015343
-0.0737077017503152,0.992593027840419,353.978679596428,-10.2801850416949
-0.158381316219992,0.984254148512737,96.3319096545429,-10.2431610614131
-0.066810432010974,0.993459006731732,311.084895872639,-10.3741760166161
-0.143193653424398,0.985737502314067,181.710911290474,-10.2374450248565
-0.158583685727532,0.984211735034765,101.241599654238,-10.6997666423766
-0.101846467582734,0.989900795113435,140.493827710046,-10.4456365973791
-0.0971583853130306,0.990419358783134,221.397679128866,-10.6314577136213
-0.120350043002941,0.988161261508989,182.564958199613,-9.84962345079079
-0.085888181619473,0.991586312729997,177.206891081379,-10.3532070839891
-0.132599801321421,0.986844704556061,89.3906672551743,-10.9415442752223
-0.0797915926502768,0.992271634542725,172.028049871455,-10.6111098584025
-0.062971949558618,0.993635077062336,178.965960336826,-10.4848737532845
-0.150446289972852,0.985138152571366,103.645358420446,-9.59005150785299
-0.138070036476397,0.986236717065725,104.324080337909,-10.8205565091603
-0.124591022211452,0.987645256015212,218.725405507534,-10.411551413048
-0.0532910847195049,0.994749961686237,298.815899031273,-10.8741871027285
-0.134942001558944,0.986784273383186,160.486787053413,-10.1952001276758
-0.0800209612222035,0.992159421146804,144.910295128386,-10.6911615208702
-0.119668695023053,0.988301862686928,170.138641615627,-10.4036667120233
-0.119563339862646,0.988231779480105,118.572899664817,-10.6203496529921
-0.207408569054849,0.979736975655004,92.2547011123227,-10.4310262248921
-0.172292056945743,0.983098328222938,135.984095772838,-10.490399085351
-0.0615070503910767,0.994078120579317,276.291854214313,-9.84496204794111
-0.110955854133969,0.988951971869755,127.502833064643,-10.7608253692487
-0.129291163729493,0.987190684336564,118.855898591991,-9.90230036427292
-0.0967120929870867,0.990506053416276,219.442709260954,-10.3264887333397
-0.0687296663900804,0.993142690946476,305.147253694509,-10.7372068007759
-0.046173212273803,0.995378203611703,126.437271259704,-10.5378941142199
-0.0738710209400271,0.992704154554005,304.624133347192,-11.1413527454049
-0.0927574086834018,0.990973355638467,263.043117840484,-10.5565518828139
-0.0594739835914917,0.994118210305766,205.802304715188,-10.5738826973258
-0.026750929408732,0.99733482821512,443.616944167176,-10.5733045862123
-0.11071691553864,0.989144132644752,210.961350788747,-10.6638745467219
-0.0718399977824775,0.992993139172634,205.138275189008,-10.7716043792376
-0.0685696063021228,0.993240938587733,190.571440658727,-10.2525779293899
-0.192834164024491,0.981013095369706,99.9789411152138,-11.2830589025518
-0.122468957369766,0.987798341788476,136.110572116209,-9.8446295482391
-0.12889468919225,0.987226280802817,185.830225308265,-10.4172966197475
-0.123253640709255,0.988110814820475,174.150517252117,-10.2577414833125
-0.0373055821284168,0.996345051859346,157.049615326945,-10.3968678138447
-0.0736503713532093,0.992757345965492,269.972338033308,-9.8534266365357
-0.12772771098038,0.987160812414239,126.352766671841,-9.48631790404311
-0.115173598599934,0.988470443469069,179.30542537607,-10.3240685868265
-0.120871210421619,0.987855200990367,155.857134083104,-10.8464702811737
-0.104646483697438,0.98965266984794,275.577682020115,-10.4589290181705
-0.171863715324724,0.983209202444073,77.5233261641049,-10.8874836250654
-0.0547458485662658,0.994575839743603,162.857095815116,-10.5736750451425
-0.137091386896411,0.986420676572184,180.561240395643,-10.41421683063
-0.0500650571551921,0.994950319995272,312.006200401814,-10.3221843904201
-0.077553546379991,0.992512292746142,195.71316720503,-10.7267541193822
-0.133637039168828,0.986784164390953,82.7542865558435,-10.7038695738834
-0.0459070110639737,0.995453455415622,268.940582181747,-10.4935428927925
-0.0895141459382132,0.99113951115407,181.513745868179,-10.082341074418
-0.0867910668517218,0.991526099484977,194.501838744059,-10.848296588277
-0.082691562940529,0.991887350375017,279.211424282655,-10.5186512339067
-0.0910534623018776,0.990882188681767,196.363100178874,-10.3057690404725
-0.118451222795071,0.988161501858986,176.00826470278,-10.0998638160572
-0.054732538504399,0.994375438204751,269.031223895155,-10.4829299946553
-0.086637998427279,0.991432926389805,207.585313575586,-10.3272702554017
-0.0924688696491033,0.99114336930985,123.038697342903,-10.7116821976345
-0.143277754727069,0.98604444475734,94.2217408623019,-10.2884951882009
-0.133975038829678,0.986688927772699,124.822875842354,-10.4491202555573
-0.101575226860369,0.990126694384449,248.366699255211,-10.4525460225064
-0.0787985548740221,0.992083969183935,202.51287868291,-10.339323935815
-0.107063031307037,0.989474187697299,196.489756119392,-10.4848934852149
-0.0502002069590928,0.995175452102604,233.395072729893,-10.9068045926243
-0.0693689772697458,0.993091681498798,230.702568362481,-10.1628006914931
-0.130793578209803,0.98732239522067,82.8894383490642,-10.9699996948532
-0.10328993391173,0.989704314962097,151.259099244201,-10.5988383317528
-0.146766599056395,0.985433136821416,119.791625785789,-9.81202503361382
-0.193802838593432,0.980899088687575,114.518123550201,-10.5784579572679
-0.155500301548104,0.984956089075405,78.0101358347849,-10.3785611781448
-0.101578553917709,0.989935455167051,135.143060001002,-10.6046726401978
-0.0861129328386913,0.991479881671003,172.856369478816,-10.6898166186164
-0.122294729203201,0.98812490151942,159.918184739308,-10.6718556128625
-0.0729404462667066,0.992809993409812,280.289822685798,-10.4283880820183
-0.0822096809401884,0.991887954205446,205.818074187533,-11.0713381029795
-0.08987342155704,0.990984359534678,288.309869655403,-10.5819812881912
-0.208967962315326,0.979372189304179,78.8920300081797,-10.3053230169058
-0.0883475347778365,0.991147760293568,235.231358485413,-10.3541926549192
-0.081694794722238,0.991934455172626,201.666296368502,-10.7267117375976
-0.0730279115598062,0.992816498644806,148.395234154417,-10.4276981411251
-0.10047844850588,0.990135988882241,144.901368192977,-10.7256073852806
-0.109128152720277,0.988933393358369,213.602983888651,-10.3180257927828
-0.0778281994875091,0.992334949330258,251.728505626257,-10.476762172571
-0.111787147836181,0.988998950629603,153.087273798237,-10.5909427879766
-0.0842504325532929,0.991633400687582,171.587088750539,-10.8290977956534
-0.119750372329811,0.988208540939117,108.405013841655,-10.2907555220358
-0.039849662998969,0.996035465037425,232.05929111196,-10.7384087521077
-0.154584830984594,0.9846470182679,86.810601554835,-10.6512345883116
-0.0571390555217124,0.994455641778233,267.43181769386,-10.1386235622943
-0.1082175459523,0.989213249267182,198.108985547679,-10.4305275637594
-0.117095610608366,0.988676584357746,131.413845259488,-10.493760949392
-0.128841093834869,0.987287029811524,106.740283292585,-10.2591856128965
-0.112672874081298,0.988908800005324,134.718910208474,-10.2971954647632
-0.0470452049272273,0.995319263773969,338.152689570162,-10.3124347882886
-0.0643077725953589,0.993574507006119,308.109033537653,-10.4361041111167
-0.0617664101358425,0.993859242339627,224.503821151107,-10.4554237248876
-0.0569108313900559,0.9943316350078,214.429116413628,-10.6270344842485
-0.0698030968137677,0.993182795944081,166.079234207569,-10.9053968235453
-0.0466543591090413,0.99551224080799,282.044975332756,-10.3945256017527
-0.138356837831299,0.986431658144475,197.641605123791,-10.711154014183
-0.161263503192876,0.984074966134842,97.0346412606092,-10.4815360290631
-0.122050061392441,0.987929379888358,116.679401792537,-10.8117745107949
-0.085449409187438,0.991597480849428,148.37114340401,-10.4942551191933
-0.119387172828544,0.987897709136141,113.439150432929,-10.8674279014196
-0.0879830405328555,0.991314742698534,214.91768364566,-10.12265203852
-0.160792100910852,0.983913574696031,106.849981131277,-10.4908498852773
-0.0471786702102025,0.99523681571916,257.566734901249,-10.4148255116364
-0.0931452951793844,0.990738572282155,251.124958073747,-10.5016008332595
-0.0732628415012913,0.99282351015088,187.93530952351,-10.4647915994185
-0.0410890671333679,0.99592604935398,250.027736582817,-11.1026268141061
-0.111861637297443,0.988687420917173,130.594189920845,-10.3138068571451
-0.0849038580837194,0.991455309614577,257.496173975922,-10.4997420717681
-0.0710223406500191,0.992980742934124,291.023548910305,-10.0596361201623
-0.173553276543524,0.982915088505019,150.971565364491,-10.0668776172474
-0.0681696703859475,0.99291751957241,124.985920742617,-9.97551197856104
-0.0470030445025887,0.995258374541742,325.932983594679,-10.6045786508071
-0.21368491760697,0.978906661639665,130.904150023147,-10.4312428961568
-0.0754388580389777,0.992548753690809,152.51746138093,-10.681658750315
-0.123554833069588,0.987764372940939,154.705372059716,-10.4434176497865
-0.157444472350491,0.984490033043752,87.9871423598373,-10.8365340187456
-0.0886949801097363,0.991043248822047,122.269776650947,-10.3314823386217
-0.0346063264947614,0.996636971565072,515.300648032296,-10.2529464161236
-0.0765656575196018,0.992559489526262,170.796409638565,-10.8625099946525
-0.14161776659295,0.985951951592983,96.0388425630097,-10.3615687275792
-0.0791004172609244,0.992236091640899,146.991853408334,-9.94072186964378
-0.112838487117299,0.988909872744203,245.91985317993,-10.8237668185066
-0.104930315289369,0.989644585024068,151.402846504965,-10.2991339166454
-0.12243650129685,0.988061394395635,169.160536391294,-10.2449699682989
-0.162453092266273,0.983719224670141,134.540008889085,-10.0594893346043
-0.118059132606822,0.988433149672107,203.779006649936,-10.3275945054102
-0.103580376310699,0.989864040677534,116.941086536004,-10.15710529016
-0.116137494124494,0.988507336241244,183.016529682085,-9.97415951639887
-0.100281841667838,0.990181784968199,156.265851748501,-10.431859041232
-0.0947063302074121,0.990807841131755,176.786213397757,-10.303997000565
-0.0791354946140022,0.992151860072954,141.183403752954,-10.4132161910617
-0.209998555929194,0.979252399618234,78.3719824091343,-10.3676298479505
-0.0551482411611973,0.994622470833476,235.201045371357,-10.7892219239554
-0.0627657677931368,0.993754029730572,233.214705176003,-10.2271215454724
-0.0925347111300348,0.990838066242485,162.790951327028,-10.5511799480057
-0.0986381611796584,0.99027614848472,127.678940329217,-10.7809171783982
-0.155059945972429,0.98503883644849,114.528711001721,-10.8181309546775
-0.0974897421483363,0.990272469539088,140.037900422907,-10.223312557551
-0.0600715545317392,0.994092170511608,210.663881646155,-9.77240544521748
-0.0872096196129476,0.991293796561639,205.215848151827,-10.8172735931466
-0.0590973920356622,0.994050014520864,333.137506919866,-10.541703759382
-0.0721664415126503,0.992828845588005,211.520043331691,-10.4019974452659
-0.065103655652328,0.993519459293427,273.864511632903,-10.9224543884364
-0.0904173752008033,0.991050492909615,275.320997897474,-9.99271550979053
-0.0728426297691033,0.992627072572368,242.91767449793,-10.5442283220667
-0.104018365570858,0.98951755803185,141.01530907642,-10.5841135542491
-0.114898958732917,0.988497312020214,197.53109853568,-10.7223503264332
-0.0874309458959176,0.991509296713682,165.721352814552,-10.6491992854721
-0.112067648967094,0.98913896334535,158.296279940707,-10.4650150135915
-0.128928202578443,0.987310422175501,156.242330678634,-10.4884931444206
-0.0908147302580912,0.990968130046215,167.190701525268,-10.413497382682
-0.0723890025804387,0.992746942209262,251.521097021005,-10.2632826496872
-0.0481180061336986,0.995269436312402,191.213255478155,-10.4947428832143
-0.180619740740237,0.981991826525721,89.4870345874889,-10.7172285288948
-0.0445974263675887,0.995572625633151,207.737841173985,-10.0410188813758
-0.106125079473018,0.989332918050665,118.130228264616,-10.5754780075523
-0.136854785500941,0.986608259479827,188.906264573519,-10.4295799408928
-0.132933073249429,0.986847651089368,184.641118209379,-10.8261786944479
-0.0821246352323187,0.991846794232478,212.565472275267,-9.87911830516597
-0.105920650800721,0.989596656037808,165.718188599339,-10.6446148572712
-0.0948263984759463,0.990778723225349,140.160605655151,-10.6555710342106
-0.107663623648944,0.989513729046387,241.343725503695,-10.2442264958233
-0.0742219448094881,0.992513452693867,177.30780153715,-9.86142302842081
-0.0652564741413366,0.993417158087698,239.599357841044,-10.2054508615031
-0.0336967633976292,0.996723326780623,382.364740690772,-10.4774581870459
-0.0771200188550712,0.99223365721892,191.8482688351,-10.4449941392991
-0.147803101889642,0.985212440906162,120.203164407323,-10.1958695341107
-0.161123685819374,0.984048468461559,107.194330005154,-10.1911824494072
-0.129997099134242,0.987490011808054,144.9741707761,-10.1521942737501
-0.131358422851037,0.986937291959046,197.052944790127,-10.1948719453133
-0.110759633820144,0.988914083499591,158.715333201045,-10.7341415017453
-0.130745115313916,0.987047542544489,163.874919585194,-10.6031400713528
-0.0399418471822482,0.996028813879716,315.466327215382,-10.6011763895596
-0.04377555641551,0.995826861239761,203.580838406296,-10.5007523470725
-0.0642634921968283,0.994054258756845,155.231832024783,-10.9086281767201
-0.108979874288201,0.989364680887459,203.280253384316,-10.3292594949693
-0.0719759472581045,0.992666937452216,265.279578702624,-10.8808863277395
-0.182724389911605,0.982022882297129,127.713569572726,-10.9415345942218
-0.0904231096364571,0.990985885970046,185.721035417092,-10.1947661712375
-0.112186297627246,0.988951755379407,194.268038979475,-10.562648216653
-0.0632518913639616,0.99369912659635,297.858336748623,-10.571502735225
-0.0761866429857866,0.992529984050761,248.289503965468,-10.9044182588073
-0.10468132435217,0.989764513728412,187.845446437699,-10.9099494855643
-0.0798106934837741,0.991973910451087,202.517882180491,-9.57615399773364
-0.0509390820995724,0.994994668868602,246.543457588796,-10.2256870022352
-0.0559052731431859,0.994409770799561,211.600564535253,-10.4259946144013
-0.0897190194410965,0.99122006421631,295.342687979843,-10.3421842811972
-0.0556304380928773,0.994476249739059,176.862073842436,-10.3915952929337
-0.0946693617559731,0.990916255994587,174.475054532827,-9.97680113073586
-0.0463834821195937,0.995487972262288,142.231775318967,-11.3305637739477
-0.0788319516271531,0.992141992241935,183.78248881008,-10.748852216538
-0.112783880627125,0.988887350212739,155.918831932814,-10.9311401382303
-0.0739091223437279,0.992628050777403,155.186912198159,-10.2380266245518
-0.0766519309015043,0.99263020806693,177.775356844476,-10.2521870838342
-0.0864086113488516,0.99141780566082,172.457203484167,-9.80291304476286
-0.0735272748476804,0.992777970779095,178.357037776687,-10.4689858151909
-0.0987383550883865,0.990431262915706,121.740516241471,-10.5290221178357
-0.0724964644794258,0.992873004523256,188.114800133224,-10.6434883566919
-0.151950302359285,0.984950577822015,105.536003188162,-9.99266078285063
-0.118676203245002,0.988286130721827,176.795102659135,-10.7824528123045
-0.0661916073755271,0.993593201706004,209.29021944972,-10.9654340676635
-0.0531991444895193,0.994699593763373,313.133056834131,-10.5254265395224
-0.0715040100629819,0.993018484870315,162.91923362989,-10.4202604006734
-0.0986128523684501,0.990370574334619,218.181912030016,-10.9373520884437
-0.081650736052171,0.991916979039712,189.095052082456,-10.2054126147514
-0.0755290430824382,0.992465758796838,139.196563097672,-10.3520140911042
-0.0920015738197045,0.990994607907263,229.079192791981,-10.5037741463153
-0.0970731695630717,0.990414637365395,212.355881407794,-10.4583787208577
-0.0945449990117741,0.990630864534148,204.335675433491,-10.613788615523
-0.124797080452019,0.987632348945828,162.864637402017,-10.9642201393391
-0.144481751016401,0.985682780166102,138.89984076914,-10.0900440600801
-0.0933178697080875,0.990645788650585,157.778729910608,-9.89525763180684
-0.0595853879452683,0.994030141675249,385.778876446744,-10.7934322315069
-0.0921634046346087,0.990839454813001,240.65032549346,-10.1404039603268
-0.120673318302833,0.988065862402213,188.028100448016,-10.8144256156022
-0.126606241855669,0.987488017497161,166.448491488662,-10.088131818433
-0.0862869113050751,0.9915948600551,134.064105153539,-10.8181186302699
-0.0941791653585135,0.990647356187773,119.538537887027,-10.0275358192681
-0.195880819750318,0.98038037566213,68.0392446549373,-10.1514564707058
-0.0611331281635157,0.993798388801493,210.238798698202,-10.6488608332186
-0.0817334406751089,0.991934221700931,306.769207027158,-10.5682951392224
-0.214411586975308,0.978976755553598,91.4206834905683,-10.2745524414212
-0.146557550767319,0.985283820705832,179.292193742213,-10.9389359786847
-0.111921948594878,0.988492615380137,108.638830582812,-9.6641102419224
-0.039838414890308,0.995954953864515,131.576125611102,-10.3011737150854
-0.0324064513529338,0.996776688329682,277.149626139108,-10.5569058703375
-0.0613164199363654,0.994101435416688,144.641172907676,-10.5757284763344
-0.081673669346492,0.991906991375228,191.510847085126,-10.5424400862864
-0.135593120083544,0.986811562838172,157.075197197752,-10.7284649378801
-0.0667951614398739,0.99335130998776,299.241599283777,-10.3626227141042
-0.0727061851973844,0.992871396548492,164.897060959706,-10.7985381051312
-0.0892153986439352,0.991054649274985,127.656308550875,-10.7283026211441
-0.0698472153533823,0.993109707228512,301.382292263416,-10.599000500373
-0.0482942906334501,0.995283263154095,430.747579737984,-10.4034623119182
-0.105553449540778,0.989663370942479,243.517302995331,-10.3799977058446
-0.110836183751265,0.988804434368309,159.07695041863,-10.3685051213738
-0.107361244595281,0.989275837473357,157.840669631544,-10.5301324792352
-0.159347244454791,0.984615105587967,98.8089840392066,-10.0031339139987
-0.076613887374433,0.992485927305139,223.948287474603,-10.465343510278
-0.0588193298770757,0.994199370871896,159.592804486049,-10.1573562331489
-0.0430673082504241,0.995666324804602,212.245500099045,-10.7981371941952
-0.144473948213373,0.985823378435684,171.332693022715,-10.4732775484184
-0.0712167044487832,0.992993797958478,297.391876683192,-10.6017656237686
-0.0586607153420749,0.994305862768513,182.827726540909,-10.4105265476155
-0.100864970562589,0.990065307654399,191.882733108617,-10.2732593229609
-0.113937218255732,0.988571342990307,183.183206990121,-10.800282701702
-0.0959892598413889,0.990473967329556,175.487772111567,-10.0426466281991
-0.0901145428596234,0.991107384041343,176.315900682132,-10.4339484051643
-0.133409486787051,0.986905949281765,97.6178140152862,-11.0032255608258
-0.118622177950308,0.98828175677305,154.817067454122,-9.92472623324216
-0.102205455006432,0.989901137658263,293.187362276163,-9.90949544550944
-0.123023466871643,0.987743541081198,131.502153564713,-10.3652626692747
-0.0695119502346482,0.993115629551214,215.883770058099,-10.9599893908322
-0.0977880023313331,0.990703282870965,175.169622909655,-10.1615907896113
-0.0391960709402248,0.996067738243519,321.530289667293,-10.4237743255842
-0.0551878793686225,0.994644187225907,326.610929747877,-10.5347459078085
-0.114262859545678,0.988641480403871,163.665816200821,-9.99202368320324
-0.0618758735775163,0.99383007992843,434.214582327712,-9.94807373955688
-0.09152655417212,0.990867462066783,187.117469256018,-10.4405113004432
-0.108986405400352,0.989557631835702,186.768712859695,-10.3080334653005
-0.0802160862958124,0.991888276274713,252.284607527204,-10.663822808175
-0.0907818983792092,0.991039300608879,129.689446441424,-10.7492905642768
-0.213792247251063,0.978749038496958,103.002348154348,-9.91504231776348
-0.0988275295642221,0.990332760910131,128.871108477266,-10.6490718735329
-0.082180025736858,0.991840320184892,307.590897397588,-10.503735258849
-0.0797315604257811,0.992082413525401,187.287995934479,-10.5513951401953
-0.0682756748582272,0.992871850177571,183.967236183753,-10.4276700068784
-0.0682756748582272,0.992871850177571,183.967236183753,-10.4276700068784
-0.0551334523212242,0.994578134855519,280.933822540479,-10.3020538530601
-0.167565972117714,0.983663240439549,91.7948881790758,-10.9073340598961
-0.122370813484113,0.987853901975144,218.060122623942,-10.1067623925492
-0.122773202830511,0.987799469563542,145.016237528053,-10.6395313707501
-0.123033398978362,0.987690994224326,142.832591579518,-10.5680449622621
-0.0812691101206207,0.991930293574835,185.690093335586,-10.6734708428947
-0.117292789893168,0.988378053892426,176.588534956309,-10.3007985656769
-0.0982518744177059,0.990350671828618,166.487645497362,-10.6688643475077
-0.0928366674286957,0.99077151034185,168.435659326752,-10.7284727283682
-0.100991861966475,0.989838905720669,167.906510613821,-10.3417344481908
-0.0846983831811921,0.991543052434228,231.710079819068,-10.5187408161904
-0.118235842854826,0.988392378687246,183.95992405617,-10.5180623088057
-0.122921934403641,0.987901873142046,155.588247885504,-10.5811709098156
-0.140035451332639,0.986038597879697,116.922945772891,-10.8143444410249
-0.0955410656423349,0.990598491331517,157.622196749154,-10.5699267912714
-0.0376455009415148,0.996337518841442,368.126042895595,-10.3397474857867
-0.0965323936923432,0.990457457778033,141.315851225485,-10.4564714976304
-0.0300934768567852,0.997107820218641,340.12198229615,-10.74463579772
-0.11286857867944,0.989027184614123,158.105030550656,-11.0228552727307
-0.150212673421838,0.985187750263362,124.61849168662,-10.2695758131592
-0.0735461414493149,0.992795848797629,245.591944194038,-10.3105257815658
-0.178453514990797,0.982192540417144,119.014783476197,-10.6843615903964
-0.085721625807733,0.991639346910584,257.847769328564,-10.8889213000655
-0.217492268644769,0.978400763519422,93.3200193107395,-10.2557575419461
-0.113730241077436,0.98876997385861,137.732018989061,-10.2455602717407
-0.134150696337069,0.986628560306661,172.74134979833,-10.541824823593
-0.0913958242247186,0.99094748580367,129.183628919984,-10.6100473134295
-0.0374583804034341,0.996194292041222,368.840193104628,-10.4470782682858
-0.111731394563731,0.988786396560568,143.503165042816,-9.56576215557205
-0.0808639039867222,0.991839147555755,128.005954276267,-10.5933434622483
-0.103570522223319,0.989702753622058,205.45260953041,-10.3911079294011
-0.312904280845985,0.969672379631731,63.0650478782712,-10.4991786442285
-0.0656833545284203,0.993489842875868,191.710193868393,-10.3405758012408
-0.1732741397229,0.982920335896947,72.1507558313839,-11.148180502746
-0.0690054230318896,0.993135795401116,152.08629640433,-10.6489893956557
-0.0668635748638596,0.993293797063323,191.262529881655,-10.592167148377
-0.0685293758839432,0.993292394196157,182.138897817183,-10.1011950640413
-0.141083098147584,0.985809193522328,121.169468872196,-9.74402005543962
-0.0896032279825868,0.991126447800977,210.280709722487,-10.1935740161145
-0.060223304413689,0.994118788652383,320.28367533866,-10.6435912507308
-0.0808965603956545,0.991984753569244,159.028029745513,-10.6583448427689
-0.0788966648854892,0.992376776252254,208.421496699003,-10.5770399799465
-0.12478412617568,0.987716582707643,98.5988520763704,-10.4062491060517
-0.170805691848821,0.98300153265156,97.0322327667849,-10.4597165004989
-0.141646707331352,0.986104488568491,129.384340025573,-10.6973995405497
-0.0993726358539569,0.990249020505618,170.386691094852,-10.4381212962103
-0.0703436225852737,0.992947137698251,294.284228349183,-10.3758484046741
-0.101747732582073,0.989760062591226,145.137188065356,-10.1803023076191
-0.0684038270738753,0.993328703422875,155.280897400361,-10.2069051665698
-0.0523086127404337,0.995028844552186,287.903940291347,-10.5642153389365
-0.101730918325786,0.990141546616275,188.577385369634,-10.4233161207114
-0.0804809275518948,0.992052663549205,229.562237246874,-10.234331242816
-0.0895502097760482,0.991149455763512,158.43015625537,-10.6457015386936
-0.13100993924839,0.986917858373568,211.455981497395,-10.3835625202377
-0.0364224032132699,0.996384816605355,222.346384542491,-10.7247923009536
-0.0359473923272676,0.996525057720952,268.50606702377,-10.3273134123975
-0.0324381750167178,0.996732540852903,241.962873314915,-9.90726754750542
-0.163406882264425,0.983645516586411,122.387844525599,-10.3767483385804
